Beaver Creek Pottery:

c: 40, 50, 0, 0
A: 1, 2, 1, 0; 4, 3, 0, 1
b: 40, 120
obj: max
rule: max_coeff

Wyndor Glass Co.:

c: 3, 5, 0, 0, 0
A: 1, 0, 1, 0, 0; 0, 2, 0, 1, 0; 3, 2, 0, 0, 1
b: 4, 12, 18
obj: max
rule: max_coeff

HW6_1:

c: 3, 5, 0, 0, 0, M, M, M
A: 1, 1, 0, 0, 0, 1, 0, 0; 1, 0, -1, 0, 0, 0, 1, 0; 0, 1, 0, -1, 0, 0, 0, 1; -1, 2, 0, 0, 1, 0, 0, 0
b: 10, 5, 2, 2
obj: min
rule: max_coeff

HW6_2:

c: 2, 3, 1, 0, 0, 0, M, M
A: 1, 1, 2, -1, 0, 0, 1, 0; 2, 1, 1, 0, -1, 0, 0, 1; 1, 0, 1, 0, 0, 1, 0, 0
b: 4, 6, 10
obj: min
rule: max_coeff

HW7_1:

c: -10, -12, -12, 0, 0, 0
A: 1, 2, 2, 1, 0, 0; 2, 1, 2, 0, 1, 0; 2, 2, 1, 0, 0, 1
b: 20, 20, 20
obj: min
rule: bland

HW8_2:

c: -5, -7, 0, 0, -M, -M
A: 1, 2, 0, 0, 1, 0; 2, 0, 1, 0, 0, 0; 2, 0, 0, -1, 0, 1
b: 1, 3, 1
obj: max
rule: max_coeff

HW13_1: # Degeneracy, starting at -z = 3

c: -0.75, 20, -0.5, 6, 0, 0, 0
A: 0.25, -8, -1, 9, 1, 0, 0; 0.5, -12, -0.5, 3, 0 ,1 ,0; 0, 0, 1, 0, 0, 0, 1
b: 0, 0, 1
obj: min
rule: bland